%YAML:1.0

image_height: 480
image_width: 752

# stereo baseline times fx
bf: 111.3537958542699

depth_lower_thr: 0.1
depth_upper_thr: 10.0
max_y_diff: 2

# radial-tangential: 0, equidistant/fisheye: 1
distortion_type: 0

# stereo rectification
LEFT.K: !!opencv-matrix
   rows: 3
   cols: 3
   dt: d
   data: [425.0258483886719, 0, 386.0151977539062, 0, 426.7976379394531, 241.9130401611328, 0, 0, 1]
LEFT.D: !!opencv-matrix
   rows: 1
   cols: 5
   dt: d
   data: [-0.28810534, 0.074578285, 0.00077844894, -0.00022778539, 0.0]
LEFT.R:  !!opencv-matrix
   rows: 3
   cols: 3
   dt: d
   data: [0.9997255495427864, 0.003456303113554583, 0.02317066162544875, -0.003456303113554583, 0.9999940261646327, -4.004791054325861e-05, -0.02317066162544875, -4.004791054325861e-05, 0.9997315233781536]
LEFT.P:  !!opencv-matrix
   rows: 3
   cols: 4
   dt: d
   data: [429.7752227783203, 0, 345.9066848754883, 0, 0, 429.7752227783203, 237.5604629516602, 0, 0, 0, 1, 0]

RIGHT.K: !!opencv-matrix
   rows: 3
   cols: 3
   dt: d
   data: [431.33642578125, 0, 354.8956298828125, 0, 432.7528076171875, 232.5508880615234, 0, 0, 1]
RIGHT.D: !!opencv-matrix
   rows: 1
   cols: 5
   dt: d
   data: [-0.30026743, 0.090544067, 3.3302207e-05, 8.9896072e-05, 0.0]
RIGHT.R:  !!opencv-matrix
   rows: 3
   cols: 3
   dt: d
   data: [0.9997255495427864, 0.003456303113554583, 0.02317066162544875, -0.003456303113554583, 0.9999940261646327, -4.004791054325861e-05, -0.02317066162544875, -4.004791054325861e-05, 0.9997315233781536]
RIGHT.P:  !!opencv-matrix
   rows: 3
   cols: 4
   dt: d
   data: [429.7752227783203, 0, 345.9066848754883, -111.3537958542699, 0, 429.7752227783203, 237.5604629516602, 0, 0, 0, 1, 0]
